1150410
1401310
1151120
1150860
1284930
1013980
1150410
1215230
1401000
1014210
1379210
1567920
1014590
1284430
1198180
1198180
1014680
1381380
1381390
1609000
1381760
2013900
1383240
1383260
1586210
1352290
1532350
1383310
1609010
1609010
1332650
1532310
1436730
1586250
1515580
1586270
1586270
1152730
1015220
1015310
1254010
1152510
1518320
1532250
1532300
1202450
1202450
1352320
1352320
1352320
1352320
1453810
1428280
1390800
1584640
1404630
1526960
1015840
1581330
1584660
1586390
1527010
1584660
1544970
1544990
1213060
1000320
1542070
1542160
1544730
2081300
1586430
1586440
1582310
1361490
1512080
1448800
1448810
1612620
1483185
1612620
1275320
1343460
1467720
1153440
1275330
1153080
1609050
1333550
1333560
1586520
1448930
1586530
1448860
1269320
1383680
1254480
1017330
1483180
1249900
1307630
1000420
1017760
1519340
1547450
1218380
1538590
1311750
1929050
1568910
1167610
1213400
1171970
1213470
1584930
1584930
1543910
1586670
1511950
1171900
1153520
1149830
1218360
1586700
1271290
1323010
1586730
1281450
1396910
1390930
1549340
1396970
1400620
1361510
1200740
1200750
1586780
1263490
1263490
1427080
1610550
1263510
1541560
1586820
1296400
1296400
1586840
1586850
1514320
1019420
1019450
1612650
1281490
1517510
1284480
1278810
1278830
1150110
1154770
1153720
1154820
1586910
1153890
1153930
1154120
1020410
1000590
1154860
1981450
1584930
1158500
2068010
1605820
1583250
1264080
1264230
1156100
1587040
1587040
1191730
1155060
1155090
1156410
1008910
1159810
1578790
1578790
1404320
1156520
1609130
1375040
1282000
1378590
1378520
1219950
1578850
1578850
1160630
1219960
1220060
1219980
1421700
1000730
1587180
1156530
1155100
1155110
1021220
1539660
1382440
1159930
1156610
1156560
1158450
1156640
1195140
1159980
1155120
1157760
1158780
1156740
1157070
1390780
1566210
1155150
1519290
1228650
1481350
1432680
1155920
1584090
1421900
1151580
1410800
1587290
1587300
1311870
1308080
1587310
1587320
1161170
1576100
1613350
1576250
1609210
1308300
1165970
1167270
1585390
1268570
1188790
1575940
1576050
1576060
1163170
1163340
1163400
1576200
1164010
1164040
1164340
1164510
1164650
1164740
1268070
1164950
2088750
2149180
2020140
1577130
1188850
1165790
1166510
1188880
1188890
1158390
1311450
1160330
1158490
1158400
1335290
1335310
1155180
1442750
1258330
1167820
1231890
1531940
1222770
1156320
1158950
1158810
1288850
1231720
1288940
1288950
1156800
1021750
1524590
1587610
1583250
1609260
1587670
1155210
1155710
1587700
1000920
1000940
1582820
1160140
1577980
1546640
1391500
1391500
1587840
1465610
1357600
1217270
1337370
1337390
1264380
1343150
1168610
1022210
1022210
1168190
1168390
1169610
1023100
1169660
1169720
1025140
1024950
1025010
1352130
1352140
1025690
1587970
1357250
1224080
1578010
1577660
1305700
1497430
1497360
1497420
1349440
1588060
1329770
1329650
1329640
1329590
1451170
1451210
1443970
1231490
1319750
1269410
1475480
1475530
1475500
1172400
1193180
1588120
1225510
1457730
1191740
1588140
1609310
1171300
1408810
1253570
1253570
1001010
1486360
1588320
1588330
1158160
1397720
1321820
1173710
1158210
1562850
1574470
1574310
1565300
1416340
1471560
1310460
1609350
1378690
1201190
1541610
1473460
1524500
1250700
1550190
1550630
1550380
1550270
1389430
1289740
1289780
1391940
1391950
1588500
1473870
1473880
1588550
1473950
1481920
1219510
1588590
1473960
1001060
1352140
1580340
1172590
1172610
1172610
1172710
1172830
2007420
1172910
1508290
1202270
1174070
1173720
1576520
1173660
1173430
1174420
1174760
1174620
1173990
1174720
1001140
1001150
1351400
1583460
1175140
1175030
1173340
1028580
1310530
1028990
1029430
1202290
1029760
1155780
1588730
1588760
1454500
1030630
1175570
1175570
1176240
1176320
1176430
1176820
1176260
1176860
1175860
1176660
1030950
1176960
1607520
1178260
1176510
1177320
1178590
1178450
1270190
2259690
1643510
1608720
1432280
1486650
1588810
1001180
1033900
1629200
1432410
1179840
1181700
1181500
1181560
1179830
1609380
1179930
1179980
1180900
1179760
1609390
1180060
1332760
2082140
1407460
1412880
1588840
1588880
1031610
1412950
1414220
1414570
1032180
1032030
1032390
1032880
1413140
1415050
1588920
1002650
1612780
1001640
############ おかけください
1270220
1190860
1588930
1001900
1472230
1612800
1182500
############ ~おき
1514460
1223640
2167510
1179320
1421850
1182620
1182680
1179330
1182710
1402640
1589030
1402730
1403550
1589040
1260720
1002000
1223660
1410710
1589060
1223680
1445690
1589080
1002280
1545110
1589090
1589090
1316830
1607070
1607080
1382280
1002320
1589110
1236900
1002030
2261490
2261490
2261490
1002770
1002450
1002050
1002170
1180470
1002260
2144410
1179040
1421970
1236650
1589200
1236690
1236940
1002390
1979930
1183590
1589220
1548550
1238840
1496480
1002100
1338475
1002110
1576900
1002590
1581930
1578070
1419990
1420010
1420020
1589250
1589260
1576050
1576060
1414170
1414190
1546880
1558400
1538440
1238650
1238680
1002610
1451750
1224190
1001830
1001990
1001720
1596690
1607090
1607100
1002330
2261500
2261500
2261510
1612820
1410410
1660100
1034660
1206050
1437560
1001950
1002290
2149640
1929920
1002360
1002120
1647360
1270700
1535140
1335750
1610630
1309310
1309230
1309260
1309310
1589330
1589340
1589350
1533580
1335780
1217070
1489340
1324990
1309460
1365040
1365040
1612680
1589430
1365190
1613570
1174340
1523450
1228180
1589500
1589500
1577985
1385910
1035780
1385920
1589580
1589580
1183050
1589590
1589600
1589600
1576900
1183090
1183720
1183140
1183390
1183450
1183470
1183480
1270530
1183510
1344930
1344970
1344980
1190710
1196540
1195710
2083110
2159100
2056760
1192680
2220280
############~歌 ~か
2036370
2036370
1036170
1036290
1036400
1036560
1198170
1199330
1203100
1203020
1204330
2227930
2227930
1198230
1202300
1202560
1201260
1589660
1201280
1198360
1198430
1198960
1198530
1203540
1203620
1200840
1199000
1202760
1198550
1199010
1203800
1198660
1201520
1199510
1199520
1200930
1200060
1199080
1200960
1201000
1203090
1202850
1200120
1199640
1199160
1199680
1204070
1199720
1199250
1202950
1589730
1201790
1204520
1198880
1473740
1312970
1512130
1221240
1226610
1221250
1589780
1589780
1589780
1510650
1512150
1221270
1217730
1191780
1589820
1197120
1516310
1189500
1192700
1186760
1238550
1224020
1589840
1207590
1609500
1589880
1260490
1589960
1589970
1204800
1264610
1264640
1343950
1399970
1583460
1204860
1565480
1191870
1955900
1207500
1193130
1206080
1205010
1205830
1206800
1205190
1206820
1206870
1170650
1206900
1205200
1205100
1205220
1206190
1205900
1207030
1207080
1205490
1207130
1205950
1207180
1170660
1590145
1590150
1590080
1190810
1194480
1207610
1253920
1190080
1196030
1590200
1193860
1184940
1155980
1301940
1193880
1335800
1335830
1357160
1357210
1193910
1411110
1195670
1193950
1191980
1260260
1002790
1590240
1196120
1192940
1609530
1411170
1193290
1590250
1196170
1610640
1411160
1580820
1040060
1499720
1583720
1195790
1185640
1194450
1037400
1372900
1190370
1192150
1190390
1040250
1040260
1516925
1250090
1258950
1516925
1257110
1257110
1257110
1584100
1511600
1250220
1511770
1511790
1446420
1590410
1266550
1511760
1578210
1590420
1270990
1609560
1189600
2016470
1346150
2104230
1206590
1206610
1003170
1208270
1207340
1206650
1206680
1418140
1208240
1590480
1206730
1208300
1346200
1208360
1208450
1208460
1208480
1187870
1192280
1196270
1195850
1206110
1590540
1192420
1483190
1483200
1188100
1487400
1487410
1590560
1242590
1352030
1190470
1242970
1256520
1191060
1483150
1037960
1208910
1196380
1575380
1194870
1208920
1484320
1484330
1509290
1209080
1279670
1279680
1196970
1352150
1364440
1477950
1609610
1364920
1435180
1585060
1477960
1209240
1040350
1038350
1590600
1002970
1195890
1569570
1432850
1194280
1193450
1245280
1205740
1508300
1038500
1365850
1567650
1040380
1409140
1245380
1323560
1209540
1631750
1252560
1590710
1483070
1483090
1267220
1039220
1039300
1390020
1390020
1483800
1483800
1581310
1577200
1190730
1590740
1190740
1209630
1209650
1208520
1157330
1209580
1590770
1590820
1510790
1214540
1210590
############~刊 ~かん
2067900
1955950
1929870
1955970
1281000
1281020
1212330
1215380
1212780
1214810
1213280
1215810
1212960
1212360
1214840
1213870
1215910
1214900
1212250
1213170
1261010
1212380
1212210
1215200
1210750
1212410
1212260
1609650
1212450
1215870
1215790
1211490
1215520
1211510
1209920
1212480
1214980
1210460
1214330
1211730
1210620
1214560
1210100
1216010
1212570
1213720
1215010
1590950
1217700
1213990
1214030
1577620
1214200
1211630
1216060
1213260
1534520
1221520
1220540
2109010
2037700
1221880
1576760
1182030
1226020
1350040
1223150
1221950
1220800
1220810
1220810
1226040
1423160
1423170
1220550
1220870
1220880
1218190
1591080
1591110
1591100
1218920
1218560
1220560
1220930
1222170
1223210
1591150
1285890
1217040
1379330
1223240
1225110
1224700
1222700
1223250
1225130
1591210
1591210
1223820
1580260
1222840
1422990
1219060
1223020
1520670
1042820
1220570
1222460
1221430
1178940
1219110
1223520
1226140
1003400
1003450
1591290
1591330
1003430
1003590
1385070
1003430
1385170
1221740
1223330
1258710
1223340
1579260
1221130
1221770
1219170
1262530
1591400
1222590
1219910
1219190
1609660
1591420
1247250
1222640
1790980
1219490
1225900
1254180
1591430
1423240
1225630
1226630
1226960
1226760
1226710
1041850
1043150
1042150
1042200
1578150
1230380
1919590
1229880
1227610
1227700
1227720
1228680
1228690
1227780
1228330
1229200
1228890
1227940
2269050
1231590
1230350
1228100
1230360
1378140
1218960
1579110
############~教 ~きょう
1281690
2153730
1236200
1237030
1235960
1237020
1234080
1281890
1233630
1234430
1237130
1281930
1237150
1237160
1236740
1234140
1249960
1236470
1234700
1591660
1236750
1238410
1237370
1591720
1236600
1282220
1232880
1232990
1239560
1239970
1232180
1231690
1257240
1257250
1531110
1223120
1384830
1304400
1384840
1384840
1591900
1384860
1042610
1223440
1226160
1591990
1242600
1595090
1241490
1242700
1242750
1242850
1243490
1241550
1242350
1243020
1243040
1242420
1241880
1241810
1243290
1243310
1578150
1243940
1592500
1244090
1592100
2074820
1245470
1245570
1246250
1246270
1245730
1245790
1043310
1436840
1592130
1401910
1333150
1291730
1497800
1246490
1003710
1244520
1244530
1246510
1516260
1538160
1538250
1516270
1509350
1577650
1245020
1295170
1295190
1184280
1003810
1193060
1184360
1184370
1184450
1275640
1275640
1359940
1276110
1246700
1244560
1246740
1003860
1003870
1004060
1572760
1244050
1592250
1472990
1592270
1278220
1244230
1244250
1397450
1397620
1592290
1397580
1397590
1229610
1324210
1173100
1592340
1457560
1592350
1200450
1155400
1154330
1154340
1514930
1044020
1044070
1514940
1046430
1483540
1046810
1046840
1044440
1044480
1247030
1044830
1547720
1237510
1047300
1244320
1244350
1323080
1584060
1514950
1269140
1514960
1514960
1287410
1287420
1244680
1189960
1609730
1351730
1189980
1956150
1247260
1247660
1249230
1248710
1247470
1533820
1191750
2080200
1252050
2254010
############~型 ~けい
1250720
1251130
1252090
1252330
1250830
1251270
1250990
1250750
1249470
1592540
1252360
1251320
1252390
1252140
1250620
1249660
1250310
1253060
1251810
1533860
1251630
1251030
1253130
1234210
1252490
1250190
1251670
1250430
1250450
1047860
1047880
1048400
1200220
1203380
1533930
1253310
1253410
1253690
1579100
1250870
1350080
1185170
1185290
1185330
1577040
1350110
1185510
1298090
1253800
1185780
2234080
1255110
1255120
1254690
1253950
1255560
1254730
1254760
1254790
1253840
1254130
1254340
1254020
1254380
1254050
1255840
1255880
1255020
1222510
1186230
1177190
1177180
1333400
1004230
1260530
1256730
1258810
2078590
1258080
2056720
1261190
1257040
1259390
1264650
1259440
1263400
1260720
1258520
1260190
1263550
1264420
1256170
1261340
1257890
1263650
1261470
1261500
1263710
1258660
1262660
1263750
1263770
1257420
1260240
1263810
1257500
1258880
1264690
1259930
1258000
1263500
1263760
1260660
1260000
1257590
1257730
1258200
1262460
1262490
1307770
2153770
1264740
2087990
1268060
2147630
1270910
1270870
1270190
1558670
1469890
1558760
1558920
1592920
2183260
2259610
2085750
1284220
1277980
1236170
1592930
1273270
1282240
1275130
1280530
1283300
1285520
1282490
1273420
1284600
1271750
1282260
1283400
1273510
1278040
1281270
1272950
1278090
1284740
1279170
1282410
1277880
1283500
1278510
1271970
1271990
1592970
1282280
1278130
1273820
1276220
2008040
1279540
1269720
1273900
1578700
1578700
1283060
1274120
1279730
1275070
1273030
1283690
1279790
1283700
1592990
1280990
1280770
1272280
1272320
1279600
1281180
1283830
1283850
1282100
1282340
1236500
1285140
1283860
1270010
1272500
1274550
1278400
1282650
1274640
1272730
1274810
1283000
1578780
1285330
1272580
1285390
1281170
1275250
1380440
1593070
1593070
1048830
1048910
1049000
1049010
1049180
1049340
1488840
1593100
1054230
1271310
1271010
1350710
1266470
1603050
############~国 ~こく
1240180
1286160
1286370
1286400
1286780
1288080
1285790
1287070
1287280
1287180
1005030
1350730
1288810
1268990
1446180
1243850
1243600
1360480
1360890
1360920
1288340
1288370
1288350
1268300
1267180
1267600
1567390
1264770
1175300
1175300
1298910
1269060
1593570
1264980
1449530
1449540
1593590
1270520
1004500
1004500
1004510
1286170
1286240
1348030
1286320
1050310
1288640
1004520
1593290
1050390
1265860
1313580
1241450
1524640
1579130
1593330
1157510
1264540
1264560
1307850
1348530
1264600
1419570
1504770
1582920
1004690
1004610
1004710
1277500
1277520
1270590
1050590
1270650
1557640
1557650
1295530
1289590
1369900
1369900
1593410
1054570
1348630
1508750
1270670
1270690
1270680
1347830
1348170
1211310
1269290
1270760
1628530
1051540
1004830
1579080
1440980
1441000
1299030
1582130
1593480
1199890
1199900
1290590
1288860
1289070
1051840
1051860
1289140
1290360
1051970
1290390
1052330
1258500
1289370
1004880
1004890
1289620
1579110
1289400
1289480
1053350
1289710
1290560
1291070
1005110
1054850
1055000
1296300
1292290
1956280
1294940
############~祭 ~さい
1296440
1293780
1293810
1293850
1292760
1296820
1295310
1293940
1293990
1292200
1579210
1294220
1294850
1295110
1294630
1296120
1296970
1296200
1296660
1296670
1056150
1278380
1056230
1297110
1235950
1226970
1593650
1593670
1593670
1578010
1397830
1329110
1226990
1379640
1184160
1379750
1387210
1576030
1388170
1297540
1297210
1207730
1298200
1298320
1297710
1298120
1297760
1297790
1297910
1297960
1297950
1593710
1418260
1329010
1235910
1583260
1184170
1310090
1565670
1306390
1585630
1291270
1291990
1593780
1291090
1306570
1306470
1291330
1309670
1399830
1609820
1322170
1441420
1552390
1291880
1541900
1298960
1298520
1298800
1299280
1297510
1299060
1297650
1005190
1299400
1400300
1005390
1005210
1585460
1291600
1593800
1593820
1579720
1299640
1291980
1291410
1297980
1545790
1593830
1556740
1206060
1519120
1210360
1556750
1206070
1290810
1291050
1299680
1293640
1293650
1293660
1057850
1279310
1057960
1231650
1177390
1403000
1403020
1403040
1399520
1357980
1579350
2085690
2106250
1005340
1302090
1299970
1303770
1302280
1303930
1304200
1304330
1304350
1058480
1303820
1058580
1304680
1058760
1303620
1303230
1579470
1308090
2101130
1929950
2080900
############~紙 ~し
2020680
2267560
1312420
1305130
1594050
1594060
1059300
1059400
1315250
1631970
1064120
1317400
1064250
1576630
1609860
1306640
1307090
1307100
1505990
1594110
1305420
1430690
1506050
1319580
1315920
1315920
2274590
1315960
1319060
1464650
1307130
1581790
1316040
1497060
1310130
1311900
1005480
1497020
1594190
1533740
1312350
1312720
1313830
1313850
1316220
1304970
1317770
1315790
1313960
1317080
1307250
1307570
1317900
1310180
1318970
1314010
1312220
1318000
1421210
1381820
1594270
1431670
1307740
1318110
1318090
1309560
1316290
1307990
1184140
1387010
1310920
1316680
1595240
1316300
1335210
1185370
1335230
1185930
1310260
1318260
1365050
1185940
1319210
1317810
1320640
1320300
1320300
1320800
1594400
1320920
1319860
1320410
1320410
1320970
1321020
1005550
1321040
1321110
1321140
1321200
1321240
1320490
1005870
1381160
1320830
1320140
1319710
1321430
1358800
1320170
1320760
1321480
1321530
1320230
1320240
2276200
1321560
1320250
1309910
1311340
1310230
1595270
1318290
1309950
1318340
1315060
1318400
1583470
1490670
1310730
1310270
1321630
1005580
1321650
1594480
1310300
1304420
1476050
1421420
1315140
1569620
1318610
1311600
1310950
1427460
1594520
1312780
1446760
1321670
1594530
1579490
1305380
1005600
1436560
1318680
1421490
1005610
1308690
1314270
1311060
1594590
1594600
1317110
1389450
1389460
1320390
1508590
1436570
1421510
2080210
1402930
############~車 ~しゃ
2153760
2015400
1005900
1064980
1322700
1322720
1005630
1323370
1324870
1323120
1323170
1321900
1322120
1322890
1061520
1323940
1005650
1061440
1005670
1427510
1323500
1323280
1568640
1065680
1061820
1005970
############~手 ~しゅ
############~酒 ~しゅ
1333450
1331840
1956400
1318720
1579840
1337000
2108240
2108240
2083570
1331030
1333600
1330510
1333500
1333090
1595750
1331400
1333620
1333680
1333110
1336260
1334080
1331670
1065950
1332130
1332170
1595360
1335570
1336500
1334150
1333730
1323080
1333750
1332950
1336570
1330790
1331780
1335080
1331300
1334210
1336770
1336820
1332400
1333040
1336900
1336980
1325260
1330290
1337830
1337500
1337630
1337270
1337300
1329740
1325420
1327790
1329300
1579780
1328110
1325910
1338600
1340840
1339220
1339260
1339460
1339660
1340000
1340030
1329340
1326160
1329000
1330240
1326290
1326320
1330450
1328890
1330090
1342220
1341210
1341340
1342110
1342230
1342340
1341910
1341930
1342380
1342390
1341670
############初~ しょ~
1344210
2273780
############~所 ~じょ
1344940
1344940
1306200
2083540
1351270
1351910
2081540
2081540
1346570
############~勝 ~しょう
1352170
1356690
############~場 ~じょう
1356740
1350140
1351430
1352060
1347530
1347880
1377030
1347870
1305510
1347640
1356930
1435520
1580490
1352930
1346740
1352980
1356700
1350220
1351930
1352710
1356510
1377080
1352090
1377590
1356000
1347080
1355270
1353410
1580290
1594930
1351030
1378650
1378660
1353320
1348370
1348430
1349610
1356730
1353850
1355540
1349480
1347180
1350810
1354030
1350270
1351560
1580270
1349520
1349170
1346220
1347200
1356960
1350290
1347310
1351960
1354230
1346230
1580480
1580280
1350340
1350370
1356370
1377980
1351680
1378030
1580310
1595020
1347710
1351120
1345020
1342710
1344550
1357480
2097830
1358410
1357510
1358490
1358530
1358550
1357550
1357540
1358600
1357300
1358620
1358660
1358670
1358690
1344030
1345140
1344650
1342820
1595480
1345250
1344090
1358430
1062820
1344120
1344130
1343050
1343640
1344150
1345430
1342510
1344200
1583050
1420400
1420410
1429060
1358760
1595070
1062910
1311420
1312820
1335520
1420470
1168060
1474900
1355710
1474910
1397270
1569740
1595120
1366410
1366010
1361590
1363600
1364520
1363650
1359150
1359240
1367380
1362730
1365460
1367870
1364670
1368020
1359040
1359070
1360750
1363130
1368370
1365230
1365250
1362100
1360770
1368580
1409140
1580570
1365480
1365770
1361110
1359850
1360930
1360410
1369070
1362360
1369140
1366190
1369400
1362810
1365410
1359620
1359730
1361000
1362530
1365420
1369530
1366280
1364940
1400390
1370270
1370320
1371320
1609990
1372350
1371610
1371660
1371170
1371780
1370980
1067210
1371210
1371880
1371910
1371920
1372790
1372010
1372800
1372040
1372060
1372370
1372120
1372180
1228260
1580825
1372980
1373060
1595940
1066680
1066690
1006380
1066710
1067040
1525250
1584380
1307710
1067470
1067480
1370370
1277450
1253780
1373520
1195960
1067770
1277460
1595570
1450510
1253790
1195970
1195970
1586265
1430620
1229060
1068230
1348910
1595610
1539080
1370380
1068770
1068870
1374550
1348870
1348900
1196000
1241750
1557580
1554370
1365980
1554380
1365990
1595680
1069210
1069370
1069520
1069930
1070220
2006560
1450890
1006110
1006120
1006140
1006380
1304280
1070320
1397350
1220310
1322320
1322320
1070650
1071000
1071100
1291500
1397340
1404100
1450900
1397300
1072240
1072260
1370490
1072590
1595730
1208640
1073210
1073570
1595750
1295040
1610020
1246440
1206120
1521510
2198630
1295060
1334040
1373680
1373680
1295070
1401360
1073760
1006420
############ ずらり
1567450
1073900
1298670
1375610
1157170 
1569240
1006280
1174890
1595920
1006460
1291800
1373810
2147990
1472650
1376590
2088240
1375260
1375190
1610040
1380580
1375260
2081570
1375290
1376760
1378860
1382090
1373990
1381320
1382100
1378200
1374700
1375690
1380650
1374810
1378990
1375970
1377290
1375390
1378240
1381570
1379950
1375740
1376190
1596050
1375760
1378320
1380690
1379230
1573150
1375790
1379370
1379380
1374880
1376060
1381750
1379410
1375470
1376240
1380760
1376070
1379430
1375860
1375520
1377920
1379530
1378100
1381100
1376250
1375880
1381140
1074270
1472860
1373860
1382250
1204300
2038290
1382700
1383560
1383180
1382830
1373970
1386370
1596090
1383030
1385370
1386020
1382590
1385350
2008620
1385480
1386840
1074600
1386070
1386460
1386990
1386350
1374400
1472800
1374530
1610700
1472740
1237680
1475720
1075160
1675160
1279130
1383160
1074740
1577270
1075200
1374300
1388740
1956550
1391780
############~船 ~せん
2080730
1394250
1394770
1392570
1392570
1394840
1392910
1389780
1581180
1390950
1388300
1393090
1392250
1395340
1395410
1393350
1390730
1387990
1389810
1395620
1596200
1888910
1388030
1390360
1075040
1395660
1390980
1392290
1388110
1075060
1389730
1596210
1388410
1396020
1396130
1390760
1391050
1389880
1396390
1391880
2081630
1006610
1401470
2077160
1351830
1400820
1982210
1403060
1403160
1299370
1403200
1399120
1596370
1400050
1398420
1399790
1402160
1612860
1403720
1399610
1596440
1401090
1403310
1401210
1402360
1006810
1401240
1402850
1402060
1401820
1402870
############~足 ~そく
1405710
1596730
1405030
1404570
1405050
1404590
1405080
1436050
1436050
1406090
1397630
1397240
1006730
1396820
1581730
1006740
1160540
1160570
1006780
1006780
1405890
1006790
1596570
1551230
1406000
1203250
1244960
1244960
1006830
1006880
1006930
############ そのころ
1006850
1006900
1406030
1403830
1238460
1396840
1075480
1396860
1397100
1245290
1581900
############それ 
1006980
1596690
1007000
1406050
1406060
2396190
1007010
2055520
1406070
1007040
1007060
1576360
1406110
1406120
1345605
1596700
1406660
1406710
1406400
1406150
1406140
1983710
1406460
1406770
1007130
2008740
1442730
1442840
1949190
1409800
2082450
1412560
1415470
1415260
1982860
1409200
1415270
1411300
1409250
1413180
1413240
1413250
1413330
1411790
1413690
1596750
1409390
1408280
1410930
1410050
1413880
1413940
1412960
1412970
1409540
1410120
1410080
1414110
1414150
1414160
1610160
1409550
1409560
1414340
1414360
1414380
1409580
1414470
1414580
1410780
1414650
1412640
1414790
1412170
1075940
1414920
1414920
1596780
1414850
1075960
1415000
1411470
1415090
1415490
1412340
1075840
1076860
1076680
1076890
1076900
1408370
1506930
1412400
1415150
1410290
1442810
1386700
1409000
1445770
1076170
1445790
2055530
1283190
1268770
1283240
1280950
1516160
1007310
1415520
1415750
1596830
1596840
1584090
1415870
1076190
1596860
1422230
1007370
1596930
1596930
1205780
1407810
1404700
1338180
1338180
1344380
1344410
1518070
1369940
1538900
1538900
1538900
1538960
1596950
1596960
1416170
1416190
1376600
1430670
1356750
1356780
1551370
1551350
1551710
1288480
1597040
1597045
1597040
1251100
1416230
1416560
1007230
1008460
1007240
1335640
1257540
1551530
1257330
1408540
1597120
1556370
1597130
1416700
1581590
1581400
1328820
1207240
1207250
1207270
1548370
1548380
1404450
1597150
1404920
1445150
1553120
1597160
1077110
1407980
1358280
1240530
1229880
1419330
2068840
1549140
1574550
1597180
1634500
1211340
1552650
1534930
1077140
1157080
1409110
1597190
1312250
1312260
1573390
1552630
1512410
1597200
1007480
1007500
1404740
1404750
1416830
1416840
############短~ たん~
1633690
1956650
1417040
1419950
1418640
1417330
1597260
1420070
1417550
1418760
1419080
1418990
1077250
1418460
1419660
1417670
1420160
1419270
1597350
1419300
1419740
1418160
1417020
1417030
1597300
1419860
1255060
1420730
1420780
1420800
1347750
1077330
1077360
1420530
1420840
1242130
1158870
1610740
1381210
1158880
1242160
1242300
1622630
1578110
1242520
1420900
1242230
1554820
1554940
1420970
1389020
1421020
1422050
1420580
1420590
1421130
1420620
1421290
1421360
1497610
1497680
1337560
1337570
1337590
1007560
1077740
1421380
1420680
1421440
1421450
1421500
1422570
1422720
1983730
1597470
1597480
1597530
1007660
1078040
1007720
1620400
1426520
1620400
2083570
1426530
1423430
1423640
1423680
1424150
1424410
1426590
1426910
1424490
1426190
1602330
1424550
1424690
1424710
1425030
1425240
1426670
1426650
1429740
1427590
1427430
1603990
1429740
1427520
1429410
1429850
1427980
1429120
1429170
1430030
1430040
1430220
1429200
1429240
1430230
1430070
1430240
1429280
1430080
1430130
1429290
1427420
1078240
1427170
1430930
1431110
1431310
1431330
1431440
1431600
1427110
1427220
1430800
1597720
1163940
1303420
1303430
1303460
1421540
1612710
1303490
1372630
1432460
2225040
1854750
1345470
1432840
1433070
1433050
1433090
1433140
1433180
1432880
1983740
1433330
1433470
1433490
1433560
1433570
1433600
1305720
1305990
1597780
1514110
1433650
1483730
1483740
1255430
1255430
2157770
1316380
1495640
1597790
1456770
1456780
1597850
1255780
1495740
1422970
1331530
1441400
1456890
1316400
2145240
1220210
1597890
1495770
1495770
1610400
1433680
1433680
1444980
1441870
1441900
1445270
1894690
1405790
1405790
1405800
1405800
1456940
1515340
1584060
1240810
1240810
1240825
1240825
1240820
1280880
1251870
1251880
1251900
1251910
1355970
1547530
1552890
1433820
1433830
1294330
1573400
1008190
1610430
1226480
1296680
1382970
1433880
1556730
1226510
1382980
1382990
1177680
1582960
1236070
1236230
1365860
2096480
1434040
1434040
1434050
1434120
1434020
1433980
1559260
1559290
1327190
1896380
1338400
1659350
1598530
1328020
############低~ てい~
1436320
1435400
1435410
1434250
1435490
1435510
1435540
1436260
1434920
1434960
1436410
1435020
1436540
1427360
1339910
1598540
1435080
1328250
1081430
1078750
1078630
1078810
1078830
1598550
1582000
1437260
1340600
1340610
1437290
1437290
1340570
1079290
1437340
1437430
1437440
1437450
1437500
1340460
1338850
1327770
1582410
1327660
1581960
1328310
1008430
1079760
1339630
1598330
1437780
1437610
1437820
1328170
1328190
1598350
1437670
1437960
1438010
1437700
1080000
1080030
1598400
1580130
1083590
1328090
1327410
1328030
1338710
1338720
1008460
1084000
1315240
1350840
1350860
1338240
1080510
1441390
1441390
1440670
1440600
1438690
1443000
1441960
1443170
1438080
1438970
1443320
1443530
1441660
1442110
1443620
1598460
1704220
1443630
1081040
1443660
1442260
1439580
1582030
1443720
1081120
1443760
1440660
1443790
1443810
1443840
1266970
1621470
1445160
1087820
1535930
1598590
1084810
1445980
1446740
1450690
1582305
2085760
1451730
1582390
1451730
2158900
1449550
1009030
1449670
1451900
1454350
1452000
1454180
1454420
1449710
1451350
1447910
1449090
1451380
1452500
1449210
1466940
1466950
1447270
1444800
1008950
1189130
1008960
1448730
1449870
1774480
1454240
1448500
1449220
1447320
1451470
1449510
1450590
1009000
1448760
1448230
1453550
1453990
1453580
1454290
1454000
1579840
1177800
1432900
1432920
1432920
1432920
1432940
1432980
1433030
1444970
1546040
1389970
1315840
1598680
1009050
1546050
1198890
1595080
1455500
1454510
1454970
1456420
1455080
1455850
1455170
1455200
1455210
1456010
1454670
1455250
1455280
1456040
1316140
1546090
1546070
1198910
1411270
1577140
1189000
1349400
1349410
1343100
1008570
1343110
1598730
1444780
1468060
1444990
1582870
1370410
1598750
1508550
1445000
1267050
1610870
1445470
1582200
1189360
1189360
1454750
1320570
1457040
1009210
1085030
1008630
1457200
1457210
1598800
1310620
1189370
1555830
1445740
1443990
1442500
1485230
1598890
1485350
1429700
1429700
1310620
1310620
1474850
1310670
1310670
1474860
1539980
1444010
1540170
1234260
1445580
1267610
1088580
1598960
1085760
1088830
1086410
1430250
1326800
1326880
1326830
1326790
1326770
1445130
1326980
1599160
1514140
1298790
1009290
1087100
1089280
1326990
1436900
1599340
1457320
1008790
1009320
1009330
1009340
1087630
1562970
1531330
1529520
2098290
1457830
1458650
1089890
1459400
1089930
1430580
1599390
1423310
1425710
1429750
1552120
1426000
1599420
1478780
1610950
1425790
1599430
1599430
1610960
1428830
1581690
1426100
1552130
1552140
1229840
1532870
1156890
1529530
1529530
1529550
1518540
1181390
1447000
1157090
1529560
1157130
1577120
1009410
1459690
1599500
1632290
1191320
1200490
1470080
1498290
1582300
1319210
1319220
1322400
1577100
1577100
1188270
1188330
1599580
1189310
1188490
1579630
1459720
1378450
1378790
1531710
1410660
1470970
1599640
1555930
1469870
1333070
1599680
1532880
1508380
1508390
1375610
1375610
1611000
1532910
1375620
1375820
1212670
1212670
1459830
1577100
1460180
2089060
1611020
1611030
1188420
1599730
1188690
1090860
1460570
1460600
1461140
1314680
1322490
1599760
1599780
1244310
1450320
1244470
1463480
1152720
1463520
1403390
1582640
1403440
1403450
1450330
############ にこにこ
1415960
1380840
1463740
2083100
2083100
1464110
1464180
1464880
1464910
1463860
1463930
1464030
1464250
1632320
1464300
1582710
1582710
1582430
1195430
1465720
1465850
1466260
1466360
1091500
1345420
1569880
1314600
1322540
1436130
1599920
2149890
1367010
1367120
1366770
1517700
1478190
1416400
1478200
1448440
1496840
1467610
1444270
1183300
1467620
1290020
1581630
1217900
1217950
1092820
1467640
1585010
1611090
1397840
1600160
1467710
1093000
1467910
1467730
1467930
1467950
1360320
1360040
1360040
1529330
1529390
1396550
1396590
1360010
2084840
1468380
1582870
1469000
1468900
1468950
1469050
1600240
1537250
1470120
1470620
1470660
1470710
1470730
1469970
1470770
1470780
1470330
1470370
2080530
1093450
1260330
1232930
1600260
1611130
1304480
1304510
1600270
1600270
1470840
1345640
1519620
1519630
1269330
1093920
1600280
1600290
1600290
1358870
1358870
1340820
1352510
1352570
1352570
1352570
1169870
1267400
1600460
1600470
1600480
1355120
1355120
1582430
1010040
1600560
1010050
1313000
1546550
1355790
############はあ 
1355810
1100610
1100760
############はい 
1201860
1473230
1201970
1582960
1097740
1095040
1471900
1472270
1201940
1473140
1474040
1983760
1474050
1101120
1471970
1465590
1101260
1474200
1378490
1514840
1601260
1546590
1600670
1474620
1612910
1474220
1600650
1600650
1600650
1444120
1010090
1607260
1399760
1444150
1919550
1474820
1476060
1475910
1474720
1313350
1600720
1098340
1585650
1172660
1236840
1573820
1600740
1471330
1237410
1581610
1476410
1436480
1611200
1307500
1307520
1307520
1342550
1625780
1307550
1307550
1355850
1402540
2085880
1476430
1098390
1101440
1421630
1203270
1101510
1203310
1220240
1476450
1098620
1101600
1547600
1476500
1476520
1600780
1600790
1600790
1451040
1451150
1583090
1477090
1477120
2197150
1477170
1600850
1477250
1010150
1098760
1099100
1477310
1477390
1477500
1477490
1478080
1477660
1477680
1632430
1477720
1477750
1477810
1477840
1477910
1471140
1194500
1486720
1600900
1600910
1562310
1562300
1600920
1562350
1550830
1516460
1370010
1194580
1194660
1194570
1550840
1516540
1171680
1171680
1099490
1429620
1514990
1500880
1515120
1351040
1471420
1601040
1566420
1355910
1404975
1404975
1400240
1555440
1552310
1501110
1261140
1501580
1501610
1501620
1099690
1366210
1366250
1427870
1341000
1427900
1427900
1376460
1376470
1478750
1480060
1482110
2022640
1100090
1481890
1601160
1096420
1482340
1479230
1478550
1480380
1482290
1481590
1601350
1096560
1478560
1480540
1480670
1478620
1482360
1103270
1100240
1479770
1096770
1096830
1481630
1481800
1479890
1482410
1463770
1193610
1582290
1484710
1484590
1601420
1106400
1104550
1556630
1484350
1463920
1483560
1483600
1463840
1447440
1010830
1272780
1272820
1583370
1601520
1169140
1601610
1601650
1601660
1601750
1482710
1169120
1169250
1419370
1612920
1434180
1106530
1601810
1483280
1485450
1485520
1487320
1601830
1227370
1487380
1484920
1484930
1486530
1106660
1207510
1105160
############ ぴたり
1290800
1169350
1487800
1226360
1601870
1169320
1464340
1601880
1169340
1169390
1601890
1487830
1487500
1010900
1601900
1487660
1482990
1105360
1580640
1160790
1602060
1575990
1367680
1601940
1449330
1160820
1164910
1368820
1601990
1453900
1161830
1576150
1576150
1455670
1455660
1612530
1105580
1483900
1611370
1469530
1463800
1463790
1483420
1602130
1238610
1483440
1483920
1577280
1484150
1486170
1487970
1488000
1556770
1602190
1484620
1489350
1486670
1490430
############~病 ~びょう
1490220
1490010
1490230
1489510
1489600
1488700
1488710
1489700
1507670
1490070
1488820
1489880
1490080
1507090
1202440
1106010
1426250
1106040
1426370
1581710
1278410
1332570
1602360
1602370
1278440
1278590
1602380
1278460
1583470
1491120
1512360
1107060
1107140
1512640
1491130
1922780
1956960
1502850
1499290
1108160
1491150
1109380
1499730
1499830
1499940
1499690
1583640
1115150
1491290
1437310
1602440
1602440
1110110
1491370
1362640
1362660
1498460
1491840
1497110
1496240
1370760
1357240
1500940
1500330
1501350
1500440
1501390
1500800
1501400
1500970
1216880
1216890
1519970
1519990
1411070
1492160
1279290
1492350
1497710
1496520
1602570
1602590
1566450
1672130
1386160
1583680
1530030
1492570
1499400
1492680
1496540
1496670
1181720
1493370
1520190
1493700
1602700
1204540
1499150
1398750
1292300
1461160
1582670
1497180
1177500
1408815
2095920
1497190
1493860
1462900
1502430
1011180
1011190
1502560
1502640
1011200
1502790
1487770
1493240
1408180
1408220
1496890
1392100
1602800
1602800
1499480
1370780
1499490
1494790
1494860
1497690
1494970
1602840
1450270
1611440
1602880
1602880
1446070
1111160
1113650
1011250
1611450
1115630
1115670
1115820
1115900
1495220
1361140
1111640
1361150
1361190
1116300
1282790
1361330
1265060
1265070
1366310
1603050
1603050
1603090
1114640
1116840
1357990
1500100
1117030
1114910
1117080
1500150
############ ふわふわ
1502840
1502860
1505090
1505070
1504560
1505120
1503210
1505190
1505290
1505330
1505470
1504610
1503860
1503870
1505510
1504160
1505600
1505620
1505630
1505650
1504330
1504430
1504460
1506870
1508600
1507180
1583870
1508480
1507720
1506590
1507910
1508030
1508070
1120410
1179200
1571170
1185200
1206360
1509430
1509970
1119650
1509480
1603290
1119700
1499320
1263110
1118780
1263120
1263120
1120010
1120070
1510640
1512070
1511870
2208060
1512710
1510890
1121390
1512670
1511040
1512220
1603240
1512520
1121520
1120280
1513060
1512610
1514300
2087290
1516930
1517150
1519750
############防~ ぼう~
1520120
1519650
1516950
1566500
1516980
1519830
1516990
1515670
1519050
1519170
1520380
1517040
1516220
1516750
1515510
1517380
1603360
1603660
1515530
1517060
1520570
1518180
1517090
1584105
1517100
1518120
1519060
1517480
1516530
1603420
1123230
1123440
1123520
1121740
1123550
1123590
1203260
1203260
1560710
1521400
1584250
1521820
1124970
1513410
1267740
1565750
1376310
1547330
1514830
1603500
1603510
1125110
1125150
1295510
1513940
1123880
1520890
1603720
1122650
1436510
1514420
1198900
1501760
1522050
1288550
1177070
1584160
1584160
1551940
1486030
1603550
1522060
1522060
1246690
1427950
1572500
1522150
1522150
1522150
1523700
1523760
1523060
1523060
1522750
1011740
1523170
1523180
1523400
1011920
1523270
1215240
1012050
1126190
1012070
1524650
1126590
1532750
1524630
1524710
1126980
1302070
1392580
1392580
1467150
1239730
1211200
1303400
1303400
1524750
1524860
1497960
1497980
1239740
1406230
1012110
1363540
1523830
1376640
1603920
1603920
1364360
1603930
1603930
1403120
1387240
1385260
1127870
1490740
1127970
1603950
1290310
1290310
1524930
1527110
1267830
1524990
1603990
1603990
1410630
1410520
1215320
1215330
1204580
1410590
1349860
1363250
1363190
1604050
1604080
1363260
1580620
1580600
1394800
1128430
1604130
1295250
1401400
1401420
1611640
1440930
1206530
1215260
1363740
1349590
1363760
1569790
1569920
1129210
1129240
1450030
1215290
1327120
1532710
1129290
1216250
1175570
1604230
1604230
1216280
1604280
1199350
1604290
1604290
1199360
1584460
1525780
1526720
1526920
1130040
1526860
1604340
1604350
1526360
1365520
1320810
2242840
2258670
1259740
1259140
1259820
1259830
1259370
1523940
1604420
1527070
1301340
1171010
1259620
1611700
1418620
1303280
1130640
1130650
1371260
1267280
1317340
1371830
1582120
1910260
1259210
1527040
2016410
1259710
1454080
1611770
1604540
2014380
1301330
1604550
1604570
1299740
1259250
1604580
1467530
1555300
1202150
1202150
1259900
1279990
1459870
1604650
1333810
1320850
1365810
1260100
1604690
1259990
1528040
1317170
1445360
1444950
1528490
2207620
1584640
1604730
1528060
1131830
1528150
1259290
1365450
1131990
1528630
1528790
1529270
1956960
1561470
1604750
1604800
1253180
1253190
1382370
1277080
1474370
1277090
1277100
1529880
1277140
1426680
1530020
1530650
1356870
1604850
1531090
1604870
1356900
1530280
1460850
1404390
1254670
1531190
1530510
1529500
1585315
1237820
1406820
1311640
1530970
1531040
1247510
1604890
1197710
1604890
1532940
2153790
2153790
1532410
1531500
1531550
1531570
1531600
1531950
1531970
1532760
1531680
1531810
1532810
1532160
1532800
1535490
1132530
1132570
1577670
1611980
1342050
1535440
1535340
1482010
1346370
1535320
1535300
1431850
1535700
1533000
1012470
1612000
1608630
1133790
1569810
1133830
1535280
1584695
1533330
1533130
1533230
1533500
1533510
1533550
1533560
1134370
1534380
1534490
1534500
1362950
1362890
1363050
1612040
1363090
1533950
1469570
1134480
1534660
1535460
1535560
1535650
1534880
1609715
1912410
1505390
1505390
1012510
1012530
1612050
1012550
1564380
1134990
1535790
1612060
1315610
1546210
1535780
1315720
1605250
1012620
1293700
1535810
1135270
1260670
1260670
1260670
1535850
1605270
1229350
1605280
1535880
1502390
1322990
1502690
1502420
1502480
1502490
1502550
1502530
1502630
1135680
1578780
1567610
1534870
1582900
1533720
1292140
1535910
1362490
1379740
1584800
1634040
1505260
1536010
1536060
2082160
############~夜 ~や
1476960
1012730
1211380
1536530
1605370
1350600
1537970
1538100
2057030
1538010
1538020
1538350
1538130
1538050
1538280
1538080
1538000
1577310
1350610
1584820
1537370
1157000
1539040
1537770
1153670
1156990
1227500
1227560
1605510
1612090
1192270
1537820
1538200
1583095
1612950
1012800
1337190
1605570
1191990
1182700
1012810
1012810
1983750
1471200
1471210
1302680
1310640
1612100
1310680
1318950
1570120
1012980
1605630
1605630
1448580
1538920
1542170
1542790
1542690
1539740
1540080
1541290
1539230
1539280
1540130
1540150
1542380
1542820
1541570
1542750
1605680
1542640
1541620
1136850
1605700
1605720
1541690
1349380
1538560
1584990
1386500
1282180
1448600
1538810
1538820
1357030
1538850
1518130
1538690
1013050
1571470
1538870
1612130
1309650
1310050
1529410
1214410
1232870
1545710
1536350
1537150
1546200
1605840
1372650
1546220
1545350
1476920
1546120
1545370
1546990
1546680
1546270
1546770
1546300
1545160
1546310
1545820
1546620
1545420
1546800
1545250
1545260
1546820
1546380
1545770
1794470
1546020
1662130
1546530
1394600
1546850
1137570
1542920
2064170
1547390
1544090
1180570
1180860
1013140
1178960
1179005
1543000
1543070
1310600
1219560
1605940
1543200
1307320
1307060
1307040
1137620
1372660
1543240
1536930
1373850
1543320
1266280
1266350
1266440
1544520
1543630
1543660
1456130
1606020
1456360
1191680
1543750
1544590
1955670
1536350
1219680
1168660
1013200
1606140
1606140
1218760
1218760
1224880
1224890
1324520
1579470
2067770
1547710
1137880
1548200
1207230
1548810
1138710
1138860
1139190
1549350
1140100
1140270
1549100
1549470
1549900
1549910
1549500
1550980
1549550
1550880
1141620
1550020
1551200
1141870
1551790
1142880
1551960
1550140
1552090
1552230
1552740
1585110
1549660
1554640
1554230
2080720
1554270
2082260
1553820
1585140
1554280
1233010
1554730
1554750
1554310
1553130
1554840
1553170
1555610
1552760
1552800
1585230
1557450
1557630
1556410
1557470
1557050
1557110
1557710
1557170
1557290
1144700
1558050
1144860
1144940
1145220
1145310
1558330
1558370
1558390
1145910
1145990
1145990
1559090
1559450
1559160
1146140
1559600
1559610
1559900
1560670
1561090
1561240
1606450
1146810
1585310
1561590
1147220
1147560
1147800
1957110
1561620
1561640
1561760
1561840
1555710
1561920
1607310
1148640
1148850
1561970
1606620
1324300
1501660
1197020
1606560
1509490
1606590
1606600
1606610
1562530
1606680
1606680
1538330
1503000
1410760
1240750
1519230
1519210
1533340
1562400
1311110
1311110
1444610
1606790
1562190
1351280
1351360
1606810
1612360
1606880
1983690
1606950
1208000
1151260
1575730
1208020
1607050
1562800
1562780
1562840
1149240
1586820
1410800
2020140
2088750
2149180
1000930
1612780
1001740
############None おかけください
1270220
1001900
2167510
2272760
1002050
1002260
1002390
1001720
1612820
1002340
2149640
1929920
1002360
1270700
1001540
1612680
1001780
1002790
2211850
1005030
1593570
1270520
1004510
1270690
1270680
1289400
1289480
1320240
2276200
1295060
1538960
2135480
1009030
1625780
1224890
