2220160
1575660
1215660
1284670
1212850
1238780
1277420
1383440
1532220
1383280
1352190
1436720
1151230
1015290
1000260
1207560
1453800
1524290
1315120
1390810
1225420
1392500
1565610
1151300
1527000
1350780
1572410
1581630
1609040
1448780
1151470
1153430
1515600
1000360
1153410
1153260
1153310
1016610
1572680
1153340
1448820
1586490
1448890
1153480
1383690
1269500
1538630
1018260
1000470
1213440
1171940
1213510
1018550
1534380
1400010
1218410
1000510
1196010
1271300
1514330
1514360
1542860
1281480
1400560
1200730
1281470
1019060
1574100
1541060
1541000
2007210
1019210
1019280
1019620
1019840
1284460
1019940
1019950
1154520
1154540
1154550
1154780
1153910
1154790
2056700
2081180
1277440
1587030
1159730
1983790
1192030
1587070
1466970
1000660
1445670
1372410
1157580
1378550
1578800
1156450
1587150
1220040
1587190
1157640
1587200
1158240
1000750
1156720
1158280
1158760
1560700
1157860
1159380
1155650
1575870
1156160
1430200
1311850
1345830
1568920
1560240
1308080
1161390
1427070
1165340
1166200
1166400
1166870
1166950
1167130
1167250
1167450
1161470
1161720
1609220
1162170
1164170
1163580
1164340
1164570
1166420
1156690
1157970
1173420
1428230
1167850
1222760
1575480
1289150
1527110
1158440
1587630
1482660
1000910
1257270
1587690
1158830
1587770
1613280
1158150
1168120
1170280
1170690
1022840
1022850
1022990
1023410
1024190
1024430
1329580
1329660
1329670
1329600
1329690
1329630
1329860
1588070
1451180
1172310
1524490
1172460
1663100
1588130
1408720
1588200
1581440
1419250
1459360
1321790
1397710
1568430
1563570
1588340
1218880
1562890
1172100
1403760
1317730
1378770
1584340
1588410
1524520
1473500
1550620
1588530
1473860
1341790
1497450
1352770
1357260
1172690
1001110
1588620
1172820
1588630
1173010
1173030
1173050
1173090
1508290
1027510
1174530
1173780
1174760
1173800
1174680
1174970
1175380
1205760
1588750
1030350
1177490
1576570
1177630
1176740
1566060
1176950
1030910
1176780
1176790
1176750
1177650
1178340
1176200
1485770
1432330
1432350
1178920
1560990
1497930
1179880
1181860
1179710
1180030
1407460
1415020
1414980
1031600
1588890
1413490
1413510
1032100
1032990
1032390
1414870
1414210
1273170
1481550
1359800
1182790
1422000
1422020
1262520
1589050
1565940
1330490
1330490
1316820
1001960
1236890
1180270
1180260
1382300
1180190
1589190
1002250
1333330
1421990
1236660
1236680
1391600
1548570
1548590
1585070
1182940
1001980
1001330
1002080
1001400
1238070
1518080
1001810
1372430
1238660
1451740
1317330
1236630
1565840
1578070
1410430
1002370
1206040
1694410
1001790
1270830
1309380
1328960
1498190
1335940
1335950
1365330
1228140
1228170
1385780
1568410
1035550
1385900
1357450
1357420
1576870
1245100
1396630
1498040
1036080
1589620
2036370
2036370
1036580
2081500
1204570
1200760
1201230
1203410
1200780
1203130
1203460
1203040
1201320
1198500
1198060
1202710
1199470
1200880
1200280
1199030
1203940
1609490
1204470
1199610
1203080
1202830
1198760
1201040
1201060
1039900
1204650
1204700
1204640
1039920
1198110
1204480
1202880
1201700
1198130
1199270
1204240
1199800
1204510
1201820
1201140
1199830
1201830
1267870
1267870
1217850
1195750
1250600
1573310
1343780
1399880
1253900
1206100
1205510
1205270
1226630
1197050
1206720
1205340
1205180
1206760
1205040
1607110
1205870
1206470
1206950
1206950
1205880
1037070
1205750
1207490
1205920
1206500
1206030
1207200
1590040
1207600
1204380
1244800
1191910
1244710
1244720
1444840
1190120
1186980
1372890
1372880
1590280
1582310
1590290
1196520
1298900
1194060
1187210
1193520
1187250
1196220
1516920
1195820
1582640
1511640
1511780
1249420
1266570
1590440
1590460
1192240
1208840
1197170
1003190
1284870
1003200
1285100
1003210
1581210
1346190
1037630
1208410
1037670
1578970
1037790
1208870
1208880
1779760
1002950
1190430
1542850
1483060
1208970
1222350
1194890
1195930
1279680
1279700
1190570
1196460
1209200
1038320
1038390
1209350
1409680
1548520
1323540
1328710
1187300
1039000
1039140
1040530
1196490
1365870
1590750
1590830
1983700
1577650
1214770
1217110
1214270
1213270
1217150
1217180
1217070
1214290
1215130
1213810
1213150
1217680
1210570
1212680
1210970
1212820
1213680
1212700
1214930
1218050
1212050
1217690
1212440
1590870
1590870
1213000
1215930
1217360
1212470
1212140
1214300
1215000
1212550
1039490
1261020
1212170
1590970
1210870
1212620
1211120
1216050
1211970
1261080
1215040
1211860
1212750
1215160
1215110
1214530
1226010
1218440
1218150
1222970
1423080
1222120
1222110
1218910
1222810
1218450
1505790
1591070
1221310
1225010
1219020
1218810
1226050
1220670
1591140
1220940
1220350
1222310
1223230
1591160
1222250
1220610
1573440
1226090
1223280
1222270
1422140
1591240
1345930
1223010
1225450
1222730
1577730
1224580
1223550
1226130
1419120
1222670
1591270
1003390
1564360
1003410
1003420
1003440
1223060
1223860
1223980
1225230
1591390
1222540
1222580
1223930
1223090
1591410
1379150
1220620
1254160
1223430
1223110
1226830
1227170
1226880
1195660
1226690
1041530
1041980
1229070
1227660
1230040
1230080
1229950
1229150
1230240
1230250
1227890
1228470
1231060
1230120
1227320
1219810
2020300
2151440
1238700
1237010
1235550
1234350
1234370
1235570
1236000
1237080
1236270
1236250
1237110
1235440
1239440
1233280
1237170
1238500
1237220
1238180
1236350
1282010
1239460
1578050
1235700
1235730
1238510
1238110
1239540
1235190
1238540
1236620
1630190
1239600
1240380
1231810
1232390
1233050
1233060
1232410
1232910
1378180
1570480
1383800
1225920
1591760
1222680
1591930
1225680
1240200
1956120
1242220
1241850
1242290
1241270
1242320
1241470
1241060
1243390
1241070
1241660
1241160
2037710
1244080
1043470
1358110
1245450
1246000
1592110
1244120
1251950
1244180
1609710
1570360
1570370
1003730
1245170
1276020
1565560
1229310
1501490
1003840
1246620
1004080
1329280
1329440
1397510
1397480
1592380
1047480
1045280
1263430
1287710
1247490
1247830
1248080
1247290
1592515
1592510
1248870
1248970
1249610
1251000
1956190
1251120
1251250
1252600
1252310
1252130
1250180
1250740
1252680
1250610
1249500
1250360
1250350
1252910
1250680
1250390
1249780
1251640
1252510
1252860
1251690
1251700
1047880
1178980
1253450
1253760
1048550
1335590
1956210
1254220
1254710
1255180
1254240
1254250
1254770
1254290
1255690
1254320
1254870
1254900
1254930
1004250
1254370
1255800
1254100
1333440
1573120
1177200
1177220
1335590
1192530
1186540
1255940
1257080
1258090
1578300
1261310
1261300
1258130
1263630
1256300
1261450
1257930
1261570
1260870
1261850
1257690
1263210
1256360
1592840
1263800
1262070
1259870
1263860
1264670
1262160
1262150
1262160
1262220
1262340
1262830
1260320
1256010
1262430
1256720
1258220
1264580
1267110
1271260
1609750
1578730
1277530
1281830
1284550
1273280
1269510
1281250
1278010
1278860
1284700
1280380
1277620
1282560
1238240
1283490
1271940
1281120
1278100
1280970
1282570
1282290
1276310
1279080
1272110
1283610
1277250
1281980
1283050
1282890
1279930
1284940
1274190
1278950
1279780
1279000
1269880
1273050
1274280
1277730
1276710
1282350
1282420
1282440
1274450
1273110
1281620
1282470
1277780
1272520
1282940
1238380
1274680
1278340
1274940
1593050
1275210
1275000
1271510
1049110
1348770
1348410
1271060
1286590
1286860
1286060
1287030
1287170
1240250
1287210
1350750
1271090
1593190
1360820
1360910
1360600
1360610
1309050
1309060
1360640
1360680
1312270
1312280
1199970
1271320
1612690
1266810
1567270
1267190
1288330
1349980
1264960
1267030
1348470
1265760
1194360
1004480
1267820
1288540
1208660
1286380
1288710
1266650
1314240
1266850
1004570
1593320
1328650
1313590
1593360
1277490
1270890
1265000
1271480
1295550
1050720
1288790
1051230
1593430
1266730
1557950
1239010
1270770
1266860
1428190
1239070
1290110
1290120
1290330
1052410
1289980
1290260
1052590
1290480
1052780
1052830
1053130
1290160
1291070
1296770
1292390
1295100
1295590
1295610
1294750
1055520
1294760
1292590
1292640
1296810
1296470
1294780
1294810
1055780
1292960
1296830
1294160
1294830
1294910
1293410
1295740
1294890
1323290
1565710
1297050
1214060
1173860
1291370
1472630
1227250
1387280
1291690
1297240
1298260
1298250
1298110
1298420
1297800
1235890
1558610
1516430
1291140
1309850
1291230
1291180
1291090
1330280
1523790
1565620
1435370
1435380
1291920
1299240
1299290
1299100
1298740
1299480
1005200
1005210
1270850
1579210
1295940
1638190
1394760
1057580
1545790
1210410
1314780
1394700
1298000
1593870
1352050
1304260
1304290
1302780
1302210
1303760
1058250
1304570
1303790
1304600
1303810
1302410
1302440
1304590
1058420
1303650
1304240
1303150
1303850
1303870
1303190
1310720
1579580
1315010
1305120
1594040
1305140
1312980
1236080
1059450
1064050
1305310
1236100
1428620
1313110
1317460
1312690
1312010
1317490
1594100
1304820
1506000
1309700
1316990
1316980
1357720
1319090
1594160
1313670
1305180
1312700
1319180
1005500
1594180
1310810
1320420
1317580
1579510
1309530
1309110
1565500
1313910
1316230
1421090
1316240
1317750
1312040
1312750
1310150
1317860
1317890
1306540
1308305
1318980
1437210
1060300
1431680
1310410
1314050
1307980
1315810
1318220
1315200
1318990
1514910
1185450
1185920
1365070
1185970
1305560
1185180
1184580
1320800
1320900
1319820
1320680
1319850
1320950
1060610
1005860
1573410
1573420
1321260
1320710
1321360
1320080
1320280
1321410
1309940
1312130
1318270
1344750
1337340
1158680
1060830
1566110
1566370
1421150
1554200
1321610
1307610
1317310
1311380
1005590
1306680
1311820
1309140
1307620
1391120
1306160
1421060
1312140
1324510
1322860
1065290
1323050
1322900
1324330
1579450
1322470
1291660
1568670
1065840
1065860
1065880
1065920
1324950
1328810
1311390
1333240
1956390
1333910
1330500
1331950
1331090
1333260
1331590
1335250
1333640
1333340
1330640
1332820
1332020
1335320
1332980
1334340
1594720
1332070
1334750
1594740
1594740
1335480
1579980
1330880
1335400
1333040
1327130
1325050
1325180
1579800
1337780
1337410
1337330
1327540
1325360
1325450
1327020
1328990
1594850
1325640
1325680
1325840
1325870
1338290
1338750
1338820
1339010
1339150
1580050
1580050
1339340
1339620
1339880
1340180
1340190
1325980
1326040
1329360
1327180
1328380
1330400
1330410
1341540
1341510
2037940
1311410
1305500
1351000
1356210
2078550
1355930
1352590
1352670
1355720
1378840
1350190
1353020
1351510
1351640
1351600
1350920
1351760
1353260
1353450
1349780
1351250
1356320
1350250
1377530
1349470
1580510
1580510
1351900
1348200
1306280
1356330
1357050
1350990
1356580
1346240
1354480
1356970
1347550
1062240
1345650
1357490
1357350
1357580
1344230
1580230
1345590
1343210
1343250
1345130
1344630
1343310
1342470
1062660
1005710
1343350
1344750
1343360
1342480
1343030
1344140
1342490
1343560
1343590
1343390
1429050
1318880
1223140
1310060
1595125
1956490
1366000
1366730
1360360
1366060
1361750
1361380
1363100
1361820
1360380
1367760
1364950
1363780
1359340
1363810
1366080
1360720
1361960
1364730
1365260
1364110
1370160
1368670
1362160
1360840
1366150
1366160
1364770
1366170
1361420
1362270
1359500
1364830
1365930
1369280
1364400
1595200
1365500
1372410
1371460
1371140
1371760
1370790
1371200
1371890
1371220
1373050
1372870
1373500
1373480
1595560
1229030
1226200
1256110
1581550
1365960
1373610
1069590
1070050
1071180
1070780
1071490
1071540
1071600
1006180
1397310
1006400
1072690
1072810
1006410
1073250
1373650
1373650
1295030
1405000
1073780
1006430
1595910
1006440
1298930
1595930
1006320
1374620
1378800
1375640
1375650
1376740
1376850
1376910
1378920
1375930
1379900
1376360
1374800
1375950
1379930
1379060
1381870
1381180
1375730
1381550
1378230
1380340
1377390
1374630
1376200
1379810
1379820
1378350
1374870
1381940
1380720
1376550
1377660
1375830
1374940
1375230
1380810
1380190
1382190
1380540
1375210
1374970
1379580
1375150
1376300
1074330
1228580
1585440
1383230
1074490
1374060
1374170
1374510
1374190
1386140
1384980
1074570
1385050
1385450
1385510
1386050
1385960
1386060
1386440
1383770
1386940
1386090
1279120
1075190
1074930
1606150
1387220
1396490
1396420
1391890
1394940
1392190
1389660
1389680
1387640
1392240
1390230
1389790
1390280
1075000
1391330
1395560
1388080
1388100
1388150
1393680
1388200
1393750
1390420
1391360
1392080
1396240
1596240
1389610
1394560
1390660
1394190
1400810
1176700
1440810
1398030
1403110
1400840
1401490
1398320
1299560
1581270
1581270
1403190
1402750
1402550
1596380
1399660
1399690
1400080
1403520
1402340
1403270
1398560
1401110
1399430
1403080
1402900
1401070
1402400
1398640
1596490
1075270
1404190
1403780
1404090
1404510
1404040
1596510
1006720
1397220
1397820
1397740
1160520
1396530
1075420
1596550
1204110
1485650
1596640
1596640
1570770
1075500
1397390
1472680
1391100
1391160
1167650
1573500
1480170
1406080
1075630
1406100
1007170
1406750
1406190
1076650
1956610
1410420
1409840
1413150
1411320
1413230
1409310
1411340
1413500
1410610
1410000
1409420
1410020
1411390
1414050
1410070
1411420
1983720
1410770
1410230
1414500
1410250
1075900
1412770
1410940
1410260
1075920
1414830
1415010
1412300
1410650
1412760
1075990
1410740
1076000
1076010
1076090
1410270
1412360
1409760
1076130
1410300
1076980
1211310
1211310
1386710
1386710
1408850
1283220
1504680
1408510
1573650
1278290
1354600
1007340
1408870
1408530
1409040
1404680
1407870
1344390
1250660
1489240
1551310
1551300
1597030
1516410
1416240
1416520
1416420
1416260
1416570
1007400
1341840
1551550
1597110
1584070
1007420
1407290
1597120
1416680
1416690
1581320
1007430
1077110
1407370
1408040
1230220
1579170
1552620
1312860
1513250
1545360
1408100
1007520
1421570
1421580
1370870
1076460
1076470
1417100
1418630
1418150
1418670
1419230
1597250
1419590
1418740
1419690
1418570
1418780
1417760
1417780
1418410
1418810
1419070
1077290
1419810
1419530
1316840
1077370
1077650
1158890
1422180
1422200
1422440
1421030
1420630
1464980
1337540
1422520
1422540
1420650
1077890
1423060
1423090
1423130
1423260
1423280
1423030
1422600
1422610
1007620
1077960
1426110
1424040
1426140
1424500
1424660
1426220
1424900
1425160
1425440
1425540
1425670
1956680
1428960
1429010
1429340
1429080
1428880
1429820
1428890
1428110
1428920
1428240
1429260
1579980
1430110
1579990
1429310
1429330
1007790
1431540
1427140
1597700
1430850
1427150
1007920
1369910
1369920
1316890
1431990
1431790
1431800
1431810
1432210
1409810
1432480
1432560
1432670
1484600
1432240
1432760
1433280
1432790
1356620
1305900
1304760
1306630
1404490
1255810
1251860
1370070
1385340
1251750
1370090
1008110
1297250
1403620
1396480
1495790
1285990
1433730
1449590
1456895
1456960
1598000
1610410
1240800
1240910
1445110
1432220
1567230
1206120
1514800
1408410
1565120
1598070
1585820
1433870
1571800
1437060
1560070
1236130
1236150
1559240
1215070
1559250
1434090
1773770
1598240
1435530
1436360
1436380
1409480
1436400
1983770
1435650
1436710
1435010
1436820
1435740
1435350
1081190
1328120
1008370
1598300
1327390
1327960
1327530
1437350
1437380
1437410
1580150
1327690
1337950
1082900
1327810
1327900
1327970
1082810
1082850
1327490
1008290
1437880
1083290
1598340
1440340
1438030
1339740
1580300
1328260
1328290
1598410
1328390
1327380
1327560
1084080
1350850
1080460
1328340
1438210
1442740
1438470
1441070
1441080
1441100
1441120
1441540
1443220
1441140
1439080
1582180
1439090
1439110
1440610
1442100
1441690
1441040
1441050
1439740
1442240
1582090
1008320
1441320
1440640
1442450
1441370
2248580
1535960
1536000
1448340
2081170
1454010
1451850
1451260
1452020
1450610
1449960
1451310
1449410
1452110
1452130
1444760
1449760
1451330
1445890
1447230
1452400
1452410
1452720
1454220
1449820
1449180
1449190
1450450
1449840
1449860
1449790
1453120
1449880
1451440
1598620
1598620
1453190
1599260
1598640
1008990
1447300
1453790
1449120
1453340
1450470
1446150
1599290
1009020
1451630
1451660
1444810
1449980
1177830
1177930
1084780
1444050
1565100
1598670
1598690
1386420
1598700
1454740
1455800
1454920
1455810
1455060
1455870
1455920
1454590
1455230
1455370
1598710
1372620
2009220
1468660
1267060
1444870
1433770
1445450
1444900
1454780
1454870
1565180
1457090
1598780
1457100
1445370
1598810
1410920
1376140
1598820
1347490
1442650
1445550
1483380
1578720
1444510
1445570
1610900
1584130
1496730
1496740
1233560
1234340
1478370
1234760
1088450
1088480
1088560
1088590
1085920
1086180
1598980
1598990
1326540
1430280
1599020
1326820
1599070
1326860
1326840
1326960
1326760
1326910
1326780
1599120
1326610
1326730
1326940
1326620
1089070
1599150
1599170
1457600
1008770
1445240
1584790
1457910
1469810
1458510
1458550
1458750
1089740
1459030
1459460
1459500
1490470
1349320
1552100
1599440
1424990
1343540
1418090
1447040
1425960
1561940
1531530
1356220
1599480
1599490
1226560
1531490
1386690
1200510
1531790
1599570
1189140
1188530
1090630
1531510
1379110
1378810
1379160
1178500
1599620
1208560
1571320
1469830
1469840
1469850
1212650
1899420
1508350
1375600
1375630
1212660
1459780
1460830
1188270
1090840
1188350
1188360
1188460
1195250
1314700
1533600
1463500
1403400
1463640
1463650
1450390
1381010
1568800
1577800
1464870
1195270
1599900
1582440
1612900
1092110
1091340
1466290
1466330
1466820
1467040
1467550
1360720
1467350
1467260
1467280
1478120
1478220
1324960
1350010
1576900
1576910
1420340
1092770
1359970
1009890
1600150
1444380
1236410
1467760
1467960
1468010
1469670
1469700
1600190
1290090
1529360
1559140
1469320
1468240
1468370
1469390
1468650
1469640
1469030
1469660
1469260
1093780
1470380
1470680
1470720
1470740
1470090
1450430
1450440
1260380
1519610
1555560
1354700
1429840
1471520
1176380
1600400
1354910
1369820
1471120
1096970
1470910
1100810
1472870
1472030
1473030
1575400
1473060
1472260
1472720
1472730
1472100
1472280
1472370
1474110
1472380
1472560
1473150
1473190
1473200
1472610
1473340
1473210
1473220
1600620
1471250
1430570
1600630
1471740
1312650
1600660
1471300
1582990
1475730
1475590
1475230
1475790
1475870
1475900
1601280
1557350
1557390
1474390
1186710
1471130
1421590
1419360
1101430
1421600
1421610
1237440
1098390
1419400
1471380
1416170
1547660
1192850
1517860
1101660
1478060
1477140
1477190
1477290
1477350
1099110
1477620
1099210
1099230
1477870
1342770
1192860
1192910
1010300
1101950
1370000
1600960
1194520
1600990
1102140
1397800
1490710
1490720
1601030
1378760
1601080
1501290
1261150
1096260
1601320
1427820
1546930
1471470
1328910
1481640
1478440
1481480
1481670
1481510
1096430
1480260
1480310
1103110
1480340
1478520
1480420
1481710
1481700
1480080
1478660
1584500
1482230
1480210
1584530
1479640
1480890
1481090
1481420
2145050
1486350
1010470
1025450
1601430
1279060
1483240
1601480
1551210
1168880
1601600
1169000
1168960
1482980
1484870
1464070
1227340
1483290
1104780
1483640
1486440
1484060
1485990
1585360
1612520
1362560
1010530
1601860
1169430
1487510
1010760
1487570
1487250
1164390
1580660
1369200
1367020
1162570
1367960
1575970
1580760
1464140
1373400
1373440
1464050
1483410
1484660
1463780
1193760
1010590
1483350
1556760
1602220
1489320
1488680
1490140
1010640
1506900
1010790
1483680
1486200
1426410
1483700
1483780
1278450
1491070
1490830
1490580
1490850
1490620
1104300
1491050
1490900
1107700
1107800
1108540
1491210
1109330
1499580
1499650
1583710
1499890
1499960
1113130
1500020
1113160
1110340
1499350
1491400
1011130
1362680
1491910
1491950
1496850
1501020
1501320
1501060
1501520
1602550
1492120
1419010
1561010
1496780
1496860
1113300
1498080
1492460
1400850
1492810
1498100
1498260
1493120
1493150
1498740
1298970
1498130
1493840
1500700
1502450
1500740
1500750
1502540
1502190
1502680
1501720
1494120
1494220
1530750
1498200
1497870
1494640
1494700
1602820
1450110
1450150
1495060
1499540
1496990
1011060
1011230
1361130
1361290
1602990
1495290
1497580
1499000
1114300
1366330
1531060
1603100
1112990
1504650
1505150
1503390
1505370
1503580
1503630
1505050
1504600
1583840
1505060
1011100
1503950
1504750
1504090
1504310
1504880
1504370
1504510
1120690
1506320
1508480
1508660
1508670
1506420
1507420
1507850
1508530
1119210
1573590
1011540
1119530
1119560
1206340
2056370
1603220
1251110
1512760
1510940
1512170
1512480
1510380
1512830
1512210
1512980
1511260
1512290
1511450
1513170
1514780
1513290
1123670
1124860
1517160
1520200
1520260
1516280
1519130
1517230
1499620
1518150
1517020
1515950
1517030
1516600
1516690
1515700
1516710
1515650
1515660
1519930
1515610
1516780
1520010
1517400
1515730
1519860
1519520
1518050
1519540
1402130
1516500
1516510
1519590
1518350
1121630
1124650
1122130
1513310
1514160
1513320
1514510
1514530
1514810
1521770
1514180
1288490
1513440
1513530
1515040
1515060
1267760
1419000
1209620
1125060
1210150
1513750
1514580
1514590
1603500
1514650
1514070
1514700
1584040
1477470
1521990
1583130
1011660
1125290
1520630
1011840
1522040
1198920
1310370
1512080
1011850
1011860
1514000
1514260
1124390
1603610
1603620
1522310
1522350
1522370
1522530
1522620
1522950
1522250
1523130
1522690
1126040
1584270
1523240
1126140
1126560
1126770
1524560
1499100
1363940
1603780
1393630
1603820
1467130
1497950
1562510
1504990
1505010
1524850
1363970
1012100
1580555
1381160
1376620
1603910
1611600
1271660
1363460
1237470
1271700
1603940
1127900
1267460
1603970
1410510
1410480
1410580
1604010
1525260
1604040
1128360
1363280
1437270
1440910
1440920
1584670
1349570
1580190
1604160
2017470
1486270
1226280
1216410
1216270
1604260
1216300
1526770
1526820
1363350
1363330
1363330
2258680
1259550
1259570
1260140
1527190
1527020
1604430
1577640
1259500
1604480
1527480
1527560
1486050
1130650
1371390
1130830
1259180
1130880
1259200
1259240
1578720
1526670
1548930
1548940
1527770
1365650
1453680
1528280
1528290
1528320
1604590
1527830
1604610
1604630
1263360
1259700
1365570
1516250
1365600
1604670
1365590
1259510
1259770
1365720
1528440
1131680
1528130
1259920
1528950
1604740
1604745
1529610
1132190
1529940
1531160
1529930
1529860
1530080
1568540
1254610
1254630
1254640
1254650
1530380
1530520
1530600
1530520
1530600
1530630
1530670
1530680
1245370
1530770
1530780
1529590
1530940
1481330
1247500
1531080
1531520
1531620
1532090
1000220
1531830
1531870
1532620
1532640
1132420
1535680
1250470
1250480
1257810
1604930
1535350
1346450
1312880
1535670
1133570
1533030
1133620
1535470
1605030
1134150
1533440
1533200
1533400
1533590
1533590
1534380
1386000
1363010
1605140
1362920
1362930
1363030
1534280
1534100
1135150
1012490
1535710
1535730
1533650
1533660
1012520
1324320
1573190
1315630
1535330
1389740
1315740
1315730
1135430
1502390
1502500
1502650
1294170
1533690
1533700
1567630
1605310
1605310
1292160
1605320
1379690
1560840
1605330
1382220
1012710
1537760
1537270
2220820
1536660
1538040
1538030
1012770
1605460
1547090
1537430
1153680
1227570
1537470
1445640
1537580
1154910
1490210
1012870
1260440
1260430
1561960
1136400
1539030
1539100
1605640
1541120
1539120
1539730
1541180
1542770
1542600
1540950
1539340
1539390
1542020
1584900
1539560
1541600
1542310
1542720
1541710
1540590
1542040
1267120
1585360
1545600
1581550
1013070
1137120
1137430
1309790
1228490
1545630
1214430
1214440
1214450
1605810
1605820
1546670
1546100
1546250
1605847
1546290
1545830
1546610
1546780
1545840
1546400
1546010
1546410
1546830
1543980
1542910
1544040
1545020
1547320
1547270
1547460
1547290
1547380
1547410
1583260
1584920
1180740
1612200
1541760
1394280
1581170
1543130
1544190
1544380
1605970
1544870
1266330
1606000
1606010
1605980
1456260
2081070
1606110
1606150
1606150
1324580
1324590
1324650
1585050
1137820
1548890
1548650
1207310
1139720
1140360
1549120
1140710
1606240
1549560
1549580
1550010
1549600
1551740
1551820
1551840
1549620
1606250
1551990
1552440
1554720
1553310
1612270
1553520
1554550
1554570
1554580
1606280
1554590
1554780
1554790
1554110
1553140
1553160
1549810
1550160
1555470
1556040
1556120
1556100
1143590
1143920
1556980
1557100
1557150
1144380
1144790
1145510
1145590
1145720
1558800
1559380
1146110
1559720
1559660
1146160
1559700
1146230
1559790
1559870
1561120
1560730
1560800
1560650
1146760
1146750
1612330
1560120
1148010
1561660
1561850
1562610
1562600
1225090
1606710
1481940
1444650
1149070
1562670
1562200
1562710
1606800
1606820
1606870
1151840
1196670
1456890                             
1598080                             
1198910                             
1328820                             
1369900                             
1320810                             
1427430                             
1239060
1280050
1419370
1583240
1042620
1042650
1387210
2019640
1298910
1298960
2274590
1013030
1308090
1284470
1391130
1367010
2145400
1547720
