2394370
2085080
1151120
1215230
1284430
1383260
1352290
1383310
1586270
1015220
1352320
1390800
1526960
1015840
1584660
1542070
1333550
1333560
1017330
1929050
1149830
1323010
1019280
1019420
1153890
1153930
1000590
1154860
1155060
1155090
1159810
1378520
1858120
1156530
1382440
1195140
1155120
1228650
1421900
1587290
1576250
1164010
1165670
1311450
1155180
1442750
1222770
1000940
1168610
1357250
1305700
1305700
1588060
1329590
1451210
1172400
1457730
1408810
1486360
1588320
1158210
1562850
1310460
1550190
1588550
1219510
1001090
1172870
1172830
1172910
1028580
1310530
1588730
1178450
1001180
1612770
1032030
1032390
1001640
1190860
############ おき
1182620
1182710
1589030
1402730
1589040
1002000
1223660
1589060
1445690
1589110
1002170
1002400
1548550
1238840
1496480
1270550
1576900
1589260
1546880
1538440
1238680
1604135
1001870
1002500
1309260
1589350
1217070
1489340
1365040
1589500
1577985
1385910
1270810
1385920
1589590
1589600
2220280
1036290
1198170
1201280
1198360
1198380
1198660
1198880
1221250
1510650
1192700
1238550
1207080
1207610
1207610
1357210
1193950
1040060
1040250
1040260
1516925
1257110
1250220
1511790
1195840
1346150
1590480
1192420
1483190
1487400
1242970
1483150
1509290
1279680
1477950
1209240
1432850
1040380
1483070
1483090
1209650
1590770
1510790
1281020
1215810
1213870
1214330
1217700
1221520
1220800
1218560
1591150
1222700
1225130
1222840
1223020
1003430
1258710
1262530
1222590
1591420
1247250
1254180
1591430
1423240
1226630
1228560
1228690
1236950
1237030
1234140
1238410
1242350
1244080
1592500
1245470
1245570
1401910
1184280
1592270
1173100
1483540
1269130
1514960
1247260
1533820
1533820
1252090
1251270
1251320
1252390
1200220
1047860
1250870
1350080
1185290
1254130
1004230
2078590
1261190
1257040
1263400
1258520
1258570
1260000
1307770
1270190
1004310
1282490
1282260
1278040
1283500
1283510
1578700
1279590
1272280
1282340
1274820
1286400
1360480
1612690
1270390
1267180
1593570
1449530
1593590
1004500
1313580
1348530
1004690
1004710
1295530
1369900
1593410
1508750
2217040
1004790
1593480
1199890
1199900
1051970
1289370
1053350
1289520
1293780
1293810
1293990
1297110
1593670
1184160
1379750
1184170
1291270
1005180
1579720
1545790
1293640
1293650
1057850
1403040
1357980
1303770
1058480
1058580
1304680
1308090
1315130
1312420
1594110
1319580
1319060
1312350
1313850
1421210
1316300
1185930
1310260
1594400
1320140
1320230
1595270
1490670
1304420
1446760
1305380
1308690
1314400
1322700
1322920
1323500
1065680
1318720
1333090
1334080
1335440
1335080
1339460
1340000
1329000
1341670
1351430
1377030
1347870
1348430
1349610
1349480
1347710
1358490
1358680
1345250
1420410
1429060
1367300
1364670
1365250
1360930
1362400
1371320
1371920
1372800
1372980
1066680
1066690
1066710
1195970
1586265
1068550
1374550
1365980
1006110
1006380
1070280
1070650
1322320
1291500
1397300
1208640
1246440
1295070
1567450
1006280
1380580
1378860
1378990
1375970
1381100
1373860
1382250
1386460
1472800
1374530
1374300
1391780
1395620
1390360
1388410
1389880
1006610
1401210
1160570
1405890
1396840
1075500
1396860
1007000
1007040
1007060
1345605
1007130
2008740
1982860
1411300
1413260
1413940
1414470
1414580
1075940
1414920
1596780
1445790
1007310
1596930
1404700
1338180
1518070
1369940
1376600
1356750
1155300
1551530
1257330
1556370
1416700
1207270
1207250
1634500
1157080
1409110
1404740
1420160
1419860
1255060
1077550
1554820
1007560
1007660
1426530
1423650
1426590
1426920
1603990
1421540
1854750
1597780
1255430
1255430
1441400
1433680
1444980
1441870
1405790
1405800
1405800
1584060
1294330
1382980
1434120
1559290
1427360
1079290
1437450
1340450
1340460
1328190
1080000
1328090
1315240
1441390
1440670
1438770
1443660
1443760
1440660
1621470
1454180
1598630
1451490
1177820
1432920
1433030
1454670
1455280
1349410
1582200
1454750
1457210
1474850
1310670
1326830
1599340
1009320
1599390
1599400
1599400
1599420
1229840
1529550
1518540
1447000
1157090
1532910
1375620
1375820
1212670
1599760
1244310
1582640
1450330
1463930
1465720
1465850
1314600
1367120
1448440
1444270
1467620
1600160
1467710
1467910
1360320
1529330
1529390
1304510
1600280
1600470
1600530
1546550
1355810
1100810
1473230
1472270
1313080
1010240
1172660
1307550
1307550
1355850
1476430
1421630
1101570
1477170
1010150
1194660
1102140
1555440
1501620
1482340
1480670
1096870
1463770
1193610
1106400
1556630
1272820
1272780
1601650
1601810
1485520
1227370
1486460
1484930
1226360
1169340
1487660
1602060
1202440
1106010
1581710
1426290
1332570
1108180
1602440
1362640
1501350
1500800
1499460
1497190
1499230
1408220
1496890
1602800
1494860
1450270
1116840
1505120
1505190
1505600
1509430
1120010
1510640
1512220
1520120
1516750
1517480
1521400
1376310
1436510
1522050
1603550
1523400
1302070
1497980
1364360
1387240
1524990
1215330
1215260
1585410
1604290
1604300
1526920
1604350
1259140
1267280
1527040
1604550
1604570
1202150
1279990
1253190
1604800
1382370
1426680
1404390
1531190
1530970
1604890
1346370
1431850
1362950
1363090
2015610
1012500
1535780
1293700
1535880
1534870
1535910
1362490
1350600
1537980
1538130
1350610
1539040
1156990
1605510
1012800
1012810
1310640
1310680
1012980
1605630
1448580
1584910
1538820
1538870
1309650
1310050
1529410
1545710
1605840
1546200
1546220
1546300
1179005
1543070
1543240
1543750
1219680
1013200
1218760
1224880
1550140
1549660
1554010
1553130
1552760
1557290
1558050
1145130
1145990
1559900
1148520
1501660
1606590
1606680
1538330
1519230
1351360
1606810
1208020
2088750
2149180
1001740
1270220
1002390
2149640
1001540
1002790
1612750
1538960
1000930
