1565440
1198180
1381380
1381390
2013900
1383240
1532350
1332650
1586270
1202450
1352320
1428280
1586330
1584640
1404630
1584660
1000320
1542160
1586420
1582310
1361490
1483185
1343460
1467720
1275320
1483185
1269320
1223615
1249900
1307630
1000420
1000430
1017760
1547450
1218380
1213400
1584930
1171900
1153520
1390930
1296400
1514320
1000580
1605820
1583250
1587040
1191730
1008910
1578850
1219960
1219980
1421700
1159980
1157070
1519290
1432680
1160790
1576260
1165970
1188760
1268570
1163400
1268070
1188890
1258330
1288850
1156800
1524590
1587610
1582820
1577980
1546640
1465610
1357600
1587850
1352130
1269410
1475480
1193180
1588120
1191740
1378690
1201190
1473950
1481920
1580340
1202270
1173720
1173750
1174420
1001140
1175140
1030630
1175570
1178590
1270190
1486650
1407460
1588880
1412890
1414220
1002650
1001710
1001820
1223640
1421850
1179330
1329015
1299685
2261490
1002320
1236900
1180470
1421970
1002430
1002100
1002590
1581930
1419990
1420010
1576050
1576060
1414170
1002610
1451750
1001830
1001990
2261500
1002330
2220600
1513065
1206050
1002120
1335750
1533580
1174340
1589500
1589600
1183720
1344930
1344970
1199330
1203020
1203620
1203650
1198550
1203090
1589730
1473740
1512130
1221270
1217730
1207590
1260490
1343950
1206900
1194480
1207610
1301940
1411160
1499720
1583720
1516925
1192150
1511600
2104230
1206730
1037670
1192280
1206110
1208910
1194870
1484330
1311530
1038350
1194290
1365850
1409140
1323560
1631750
1252560
1039140
1039220
1390020
1581310
1577200
1213170
1534520
1576760
1182030
1350040
1591110
1520670
1042820
1178940
1226440
1385070
1385170
1579260
1578150
1231580
1231590
1579110
1237150
1249960
1231690
1257240
1384830
1423000
1591900
1042610
1042610
1243490
1243320
1578150
1538160
1184270
1193060
1275640
1246700
1246740
1592250
1592340
1457560
1154330
1154340
1044070
1046810
1547720
1323080
1287410
1287420
1252330
1579100
1350110
1254760
1254790
1255890
1263400
1260720
1264740
1268060
1270910
1273270
1592970
1280770
1272500
1380440
1049000
1049180
1288810
1268990
1243850
1243600
1269060
1449540
1004500
1004500
1050390
1579130
1264540
1307850
1582920
1270590
1050590
1289590
1628530
1579080
1289100
1289220
1004880
1289470
1005110
1294940
1296970
1578010
1387210
1297210
1297960
1291330
1298520
1299400
1291600
1210360
1293660
1005340
1579350
1303620
1579470
2020680
1576630
1505990
1315920
1315920
1304970
1318970
1381820
1184140
1319210
1320760
1318290
1318400
1310730
1315140
1318610
1436560
1508590
1436570
1005900
1321900
1061520
1061820
1579840
2083570
1333500
1330290
1337270
1353320
1580480
1595020
1358550
1420470
1474900
1474910
1366410
1362360
1372190
1228260
1067470
1277450
1195960
1348910
1430620
1348870
1554370
2006560
1070790
1072590
1073210
1074260
1334040
1073900
1157170
1291800
1472650
1379380
1074270
1382590
1472740
1237680
1075200
1388740
1387500
1387870
1387990
1390980
1396130
1006610
1399790
1612860
1006670
1006780
1006780
1203250
1006830
1403830
1245290
1006970
1006980
1406050
1412560
1413240
1413890
1414150
1413660
1414340
1412640
1415000
1283190
1283190
1007340
1415870
1076190
1338180
1416220
1597040
1335640
1257540
1207240
1548370
1597150
1407980
1358340
1358280
1549140
1416830
1416840
1419110
1597350
1347750
2136180
1242130
1158880
1242160
1420900
1421290
1497610
1422720
1597530
1620400
1427340
1163940
2225040
1305990
1483740
1316380
1422970
1220210
1597890
1610400
1240825
1008190
1556730
1236070
1327190
1078750
1078810
1078630
1598550
1327720
1340450
1338850
1079760
1008450
1083590
1008460
1338240
1080510
1438690
1443000
1443530
1443840
1266970
1445160
1087820
1084810
1008910
1466940
1189130
1451470
1009000
1579840
1177800
1335000
1315840
1598680
1316140
1577140
1343100
1468060
1370420
1189360
1189360
1008630
1189370
1555830
1920240
1429700
1310620
1540170
1445590
1430250
1253020
1326980
1298790
1009290
1009330
1529520
2257550
1089890
1423310
1429750
1459640
1532870
1529530
1577120
1191320
1191420
1582300
1319220
1577100
1579630
1531710
1333070
1508380
1508390
1375610
1577100
1461140
1463480
1463520
1380840
2083100
1464900
1195430
1091500
1436130
2149890
1416400
1183300
1092820
1467640
1360010
2084840
1093450
1352570
1600430
1169870
1355120
1313000
1100760
1010080
2019640
1201940
1465590
1546590
1607260
1585650
1237410
1476410
1307500
1342540
1342550
1402540
1098390
1098620
1600790
1451150
1583090
1600850
1194500
1486720
1600900
1562350
1514990
1404975
1404975
1341000
1427900
1376460
1376470
1478750
1482110
2022640
1103090
1096420
1482290
1601340
1479890
1447440
1583370
1169250
1419370
1434180
1485470
1290800
1580640
1160820
1162130
1576150
1577280
1488000
1490220
1490230
1507090
1426250
1602340
1278410
1109380
1499690
1115150
1110110
1370760
1500940
1461160
1457440
1582670
1462900
1408180
1446070
1282790
1265070
1500100
1502840
1505470
1120410
1185200
1119650
1120990
1499320
1512070
1121380
1512670
1512610
1516930
1519170
1123590
1203260
1124970
1547330
1125150
1295510
1123880
1122650
1522150
1522150
1522980
1523060
1524610
1524700
1584350
1524690
1524720
1584360
1524730
1392580
1392580
1239730
1495000
1524930
1527110
1603990
1410590
1580600
1128430
1401400
1604230
1584460
1526360
1523940
1171010
1418620
1371260
1582120
1259210
1454080
1301330
1299740
1555300
1202170
1459870
1317170
1259290
1202150
1561470
1277140
1460850
1585315
1406820
1604890
1132570
1577670
1012480
1012480
1534890
1012550
1315720
1012620
1502390
1584800
1536010
2082160
1476960
1537370
1157000
1153670
1227500
1227560
1583095
1302680
1012980
1542790
1584910
1542430
1542640
1541620
1386500
1013050
1476920
1546020
1605870
1605870
1180570
1307320
1307040
1266440
1456360
1536350
1324520
1547900
1548010
1548220
1138860
1138960
1551790
1552750
1602710
1554310
1553170
1557630
1557110
1144940
1145310
1559160
1560670
1585310
1148640
1324300
1606560
1519210
1311110
1311110
1444610
1444680
1151260
2194990
1541040
1410800
1000930
2272760
1001720
1002340
1001780
1005080
1004510
1270690
1270680
1289400
1289480
1291050
2154810
1320240
2276200
1295060
2135480
1009030
1625780
1224890
1464530
